Rows Columns Fullness Hybrid_Bits CRS_Bits Data_Bits Total_Bits Dense_Bits
10 10 0.00 2 70 36 800
10 10 0.01 26 74 60 800
10 10 0.02 34 78 76 800
10 10 0.03 42 82 92 800
10 10 0.04 50 86 108 800
10 10 0.05 58 90 124 800
10 10 0.06 68 94 139 800
10 10 0.07 74 98 156 800
10 10 0.08 88 102 167 800
10 10 0.09 95 106 188 800
10 10 0.10 108 110 198 800
10 10 0.20 154 150 321 800
10 10 0.30 178 190 422 800
10 10 0.40 181 230 516 800
10 10 0.50 165 270 599 800
10 10 0.60 161 310 678 800
10 10 0.70 147 350 751 800
10 10 0.80 96 390 799 800
10 10 0.90 31 430 830 800
10 10 1.00 2 470 836 800
100 100 0.00 2 1400 42 80000
100 100 0.01 1324 2100 2038 80000
100 100 0.02 2452 2800 3825 80000
100 100 0.03 3504 3500 5496 80000
100 100 0.04 4481 4200 7113 80000
100 100 0.05 5443 4900 8685 80000
100 100 0.06 6363 5600 10235 80000
100 100 0.07 7379 6300 11733 80000
100 100 0.08 8310 7000 13198 80000
100 100 0.09 9143 7700 14615 80000
100 100 0.10 9884 8400 16020 80000
100 100 0.20 15037 15400 28485 80000
100 100 0.30 16901 22400 38986 80000
100 100 0.40 17147 29400 48222 80000
100 100 0.50 16790 36400 56561 80000
100 100 0.60 16095 43400 64405 80000
100 100 0.70 13981 50400 71264 80000
100 100 0.80 9561 57400 76937 80000
100 100 0.90 1314 64400 79962 80000
100 100 1.00 2 71400 80042 80000
1000 1000 0.00 2 20000 48 8000000
1000 1000 0.01 123224 120000 192729 8000000
1000 1000 0.02 234750 220000 362778 8000000
1000 1000 0.03 326213 320000 522488 8000000
1000 1000 0.04 424398 420000 678476 8000000
1000 1000 0.05 522830 520000 829057 8000000
1000 1000 0.06 612062 620000 974527 8000000
1000 1000 0.07 689768 720000 1115913 8000000
1000 1000 0.08 760806 820000 1254095 8000000
1000 1000 0.09 828962 920000 1390285 8000000
1000 1000 0.10 895043 1020000 1525076 8000000
1000 1000 0.20 1352916 2020000 2745399 8000000
1000 1000 0.30 1485452 3020000 3785279 8000000
1000 1000 0.40 1543267 4020000 4711519 8000000
1000 1000 0.50 1557325 5020000 5552705 8000000
1000 1000 0.60 1509162 6020000 6324352 8000000
1000 1000 0.70 1348236 7020000 7023650 8000000
1000 1000 0.80 968171 8020000 7620241 8000000
1000 1000 0.90 192199 9020000 7980635 8000000
1000 1000 1.00 2 10020000 8000048 8000000
